0.0	5.95	1.0	0.099	1.0	5.95	0.59	14.916
0.025	5.786	1.0	0.102	1.0	5.786	0.59	14.508
0.05	5.626	1.0	0.105	1.0	5.626	0.59	14.107
0.075	5.467	1.0	0.108	1.0	5.467	0.59	13.713
0.1	5.312	1.0	0.111	1.0	5.312	0.59	13.326
0.125	5.159	1.0	0.114	1.0	5.159	0.59	12.946
0.15	5.01	1.0	0.118	1.0	5.01	0.59	12.572
0.175	4.862	1.0	0.121	1.0	4.862	0.59	12.206
0.2	4.718	1.0	0.125	1.0	4.718	0.59	11.847
0.225	4.576	1.0	0.129	1.0	4.576	0.59	11.494
0.25	4.438	1.0	0.133	1.0	4.438	0.59	11.149
0.275	4.301	1.0	0.137	1.0	4.301	0.59	10.81
0.3	4.168	1.0	0.142	1.0	4.168	0.59	10.478
0.325	4.037	1.0	0.146	1.0	4.037	0.59	10.154
0.35	3.91	1.0	0.151	1.0	3.91	0.59	9.836
0.375	3.784	1.0	0.156	1.0	3.784	0.59	9.525
0.4	3.662	1.0	0.161	1.0	3.662	0.59	9.222
0.425	3.542	1.0	0.167	1.0	3.542	0.59	8.925
0.45	3.425	1.0	0.172	1.0	3.425	0.59	8.635
0.475	3.311	1.0	0.178	1.0	3.311	0.59	8.352
0.5	3.2	1.0	0.184	1.0	3.2	0.59	8.076
0.525	3.091	0.991	0.193	0.996	3.063	0.59	7.705
0.55	2.985	0.982	0.201	0.992	2.931	0.59	7.349
0.575	2.882	0.973	0.21	0.987	2.803	0.59	7.007
0.6	2.782	0.963	0.22	0.983	2.68	0.59	6.679
0.625	2.684	0.954	0.23	0.979	2.562	0.59	6.365
0.65	2.589	0.945	0.241	0.975	2.447	0.59	6.065
0.675	2.497	0.936	0.252	0.971	2.337	0.59	5.777
0.7	2.408	0.927	0.264	0.967	2.232	0.59	5.502
0.725	2.321	0.918	0.277	0.962	2.13	0.59	5.24
0.75	2.237	0.908	0.29	0.958	2.033	0.59	4.99
0.775	2.156	0.899	0.304	0.954	1.939	0.59	4.751
0.8	2.078	0.89	0.319	0.95	1.85	0.59	4.525
0.825	2.002	0.881	0.334	0.946	1.764	0.59	4.309
0.85	1.929	0.872	0.351	0.942	1.682	0.59	4.105
0.875	1.859	0.863	0.368	0.937	1.604	0.59	3.911
0.9	1.792	0.854	0.386	0.933	1.53	0.59	3.728
0.925	1.727	0.844	0.404	0.929	1.459	0.59	3.555
0.95	1.665	0.835	0.424	0.925	1.391	0.59	3.392
0.975	1.606	0.826	0.445	0.921	1.327	0.59	3.238
1.0	1.55	0.817	0.466	0.916	1.266	0.59	3.094
1.025	1.496	0.808	0.488	0.912	1.209	0.59	2.959
1.05	1.445	0.799	0.511	0.908	1.155	0.59	2.832
1.075	1.397	0.79	0.535	0.904	1.103	0.59	2.714
1.1	1.352	0.78	0.559	0.9	1.055	0.59	2.604
1.125	1.309	0.771	0.584	0.896	1.01	0.59	2.502
1.15	1.27	0.762	0.61	0.891	0.967	0.59	2.408
1.175	1.232	0.753	0.636	0.887	0.928	0.59	2.321
1.2	1.198	0.744	0.662	0.883	0.891	0.59	2.241
1.225	1.166	0.735	0.689	0.879	0.857	0.59	2.167
1.25	1.138	0.726	0.715	0.875	0.825	0.59	2.1
1.275	1.111	0.716	0.741	0.871	0.796	0.59	2.039
1.3	1.088	0.707	0.767	0.866	0.769	0.59	1.983
1.325	1.067	0.698	0.792	0.862	0.745	0.59	1.933
1.35	1.05	0.689	0.816	0.858	0.723	0.59	1.888
1.375	1.034	0.68	0.839	0.854	0.703	0.59	1.847
1.4	1.022	0.671	0.861	0.85	0.685	0.59	1.811
1.425	1.012	0.661	0.881	0.846	0.67	0.59	1.779
1.45	1.006	0.652	0.9	0.841	0.656	0.59	1.751
1.475	1.001	0.643	0.916	0.837	0.644	0.59	1.726
1.5	1.0	0.634	0.931	0.833	0.634	0.59	1.705
1.525	1.001	0.624	0.944	0.824	0.625	0.59	1.678
1.55	1.005	0.615	0.955	0.815	0.618	0.59	1.654
1.575	1.012	0.605	0.963	0.807	0.612	0.59	1.633
1.6	1.022	0.595	0.97	0.798	0.608	0.59	1.614
1.625	1.034	0.586	0.974	0.789	0.606	0.59	1.597
1.65	1.049	0.576	0.976	0.78	0.604	0.59	1.582
1.675	1.067	0.566	0.976	0.772	0.604	0.59	1.569
1.7	1.088	0.556	0.975	0.763	0.605	0.59	1.557
1.725	1.111	0.547	0.971	0.754	0.608	0.59	1.547
1.75	1.137	0.537	0.966	0.745	0.611	0.59	1.537
1.775	1.166	0.527	0.959	0.737	0.615	0.59	1.529
1.8	1.198	0.518	0.951	0.728	0.62	0.59	1.521
1.825	1.232	0.508	0.943	0.719	0.626	0.59	1.514
1.85	1.269	0.498	0.933	0.71	0.633	0.59	1.508
1.875	1.309	0.489	0.922	0.701	0.64	0.59	1.503
1.9	1.352	0.479	0.911	0.693	0.647	0.59	1.498
1.925	1.397	0.469	0.9	0.684	0.656	0.59	1.493
1.95	1.445	0.459	0.888	0.675	0.664	0.59	1.488
1.975	1.496	0.45	0.877	0.666	0.673	0.59	1.483
2.0	1.55	0.44	0.865	0.658	0.682	0.59	1.479
2.025	1.606	0.43	0.853	0.649	0.691	0.59	1.474
2.05	1.665	0.421	0.842	0.64	0.701	0.59	1.469
2.075	1.727	0.411	0.831	0.631	0.71	0.59	1.464
2.1	1.792	0.401	0.821	0.623	0.719	0.59	1.458
2.125	1.859	0.392	0.81	0.614	0.728	0.59	1.452
2.15	1.929	0.382	0.801	0.605	0.737	0.59	1.445
2.175	2.002	0.372	0.792	0.596	0.745	0.59	1.438
2.2	2.078	0.362	0.783	0.588	0.753	0.59	1.43
2.225	2.156	0.353	0.776	0.579	0.761	0.59	1.421
2.25	2.237	0.343	0.769	0.57	0.768	0.59	1.411
2.275	2.321	0.333	0.762	0.561	0.774	0.59	1.401
2.3	2.408	0.324	0.757	0.552	0.779	0.59	1.389
2.325	2.497	0.314	0.752	0.544	0.784	0.59	1.377
2.35	2.589	0.304	0.749	0.535	0.788	0.59	1.363
2.375	2.684	0.295	0.746	0.526	0.791	0.59	1.348
2.4	2.782	0.285	0.744	0.517	0.793	0.59	1.333
2.425	2.882	0.275	0.744	0.509	0.793	0.59	1.316
2.45	2.985	0.265	0.744	0.5	0.793	0.59	1.298
2.475	3.091	0.256	0.746	0.491	0.791	0.59	1.279
2.5	3.2	0.246	0.749	0.482	0.788	0.59	1.259
2.525	3.311	0.236	0.754	0.474	0.783	0.59	1.238
2.55	3.425	0.227	0.76	0.465	0.777	0.59	1.216
2.575	3.542	0.217	0.768	0.456	0.769	0.59	1.193
2.6	3.662	0.207	0.777	0.447	0.759	0.59	1.17
2.625	3.784	0.198	0.789	0.438	0.748	0.59	1.146
2.65	3.909	0.188	0.803	0.43	0.735	0.59	1.121
2.675	4.037	0.178	0.82	0.421	0.72	0.59	1.096
2.7	4.168	0.169	0.84	0.412	0.702	0.59	1.071
2.725	4.301	0.159	0.864	0.403	0.683	0.59	1.046
2.75	4.437	0.149	0.892	0.395	0.662	0.59	1.021
2.775	4.576	0.139	0.925	0.386	0.638	0.59	0.997
2.8	4.718	0.13	0.964	0.377	0.612	0.59	0.975
2.825	4.862	0.12	1.011	0.368	0.584	0.59	0.955
2.85	5.009	0.11	1.067	0.36	0.553	0.59	0.938
2.875	5.159	0.101	1.136	0.351	0.519	0.59	0.925
2.9	5.312	0.091	1.221	0.342	0.483	0.59	0.917
2.925	5.467	0.081	1.328	0.333	0.444	0.59	0.919
2.95	5.625	0.072	1.466	0.324	0.402	0.59	0.932
2.975	5.786	0.062	1.649	0.316	0.358	0.59	0.963
3.0	5.95	0.052	1.901	0.307	0.31	0.59	1.023
