0.0      300.0    0.0    0.0    0.0
1000.0   300.0    0.0    0.0    0.0
2000.0   300.0    0.0    0.0    0.0
3000.0   300.0    0.0    0.0    0.0
4000.0   300.0    0.0    0.0    0.0
5000.0   300.0    0.0    0.0    0.0
6000.0   300.0    0.0    0.0    0.0
7000.0   300.0    0.0    0.0    0.0
8000.0   300.0    0.0    0.0    0.0
9000.0   300.0    0.0    0.0    0.0
10000.0  300.0    0.0    0.0    0.0
11000.0  300.0    0.0    0.0    0.0
12000.0  300.0    0.0    0.0    0.0
13000.0  300.0    0.0    0.0    0.0
14000.0  300.0    0.0    0.0    0.0
15000.0  300.0    0.0    0.0    0.0
16000.0  300.0    0.0    0.0    0.0
17000.0  300.0    0.0    0.0    0.0
18000.0  300.0    0.0    0.0    0.0
19000.0  300.0    0.0    0.0    0.0
20000.0  300.0    0.0    0.0    0.0
21000.0  300.0    0.0    0.0    0.0
22000.0  300.0    0.0    0.0    0.0
23000.0  300.0    0.0    0.0    0.0
24000.0  300.0    0.0    0.0    0.0
25000.0  300.0    0.0    0.0    0.0
26000.0  300.0    0.0    0.0    0.0
27000.0  300.0    0.0    0.0    0.0
28000.0  300.0    0.0    0.0    0.0
29000.0  300.0    0.0    0.0    0.0
30000.0  300.0    0.0    0.0    0.0