0.000000 300.000000 14.000000 0.428571 0.000000 100000.000000
100.000000 300.200000 14.000000 0.428571 0.000000 98831.538462
200.000000 300.400000 13.882097 0.857143 0.000000 97674.927536
300.000000 300.600000 13.764193 1.285714 0.000000 96530.034449
400.000000 300.800000 13.646290 1.714286 0.000000 95396.729344
500.000000 301.000000 13.528386 2.142857 0.000000 94274.885376
600.000000 301.200000 13.410483 2.571429 0.000000 93164.378705
700.000000 301.400000 13.292579 3.000000 0.000000 92065.087487
800.000000 301.600000 13.174676 3.428571 0.000000 90976.892877
900.000000 301.800000 13.056772 3.857143 0.000000 89899.678025
1000.000000 302.000000 12.938869 4.285714 0.000000 88833.328072
1100.000000 302.372727 12.577262 4.714286 0.000000 87777.730152
1200.000000 302.745455 12.222942 5.142857 0.000000 86732.773393
1300.000000 303.118182 11.875836 5.571429 0.000000 85698.348915
1400.000000 303.490909 11.535872 6.000000 0.000000 84674.349831
1500.000000 303.863636 11.202976 6.428571 0.000000 83660.670247
1600.000000 304.236364 10.877075 6.857143 0.000000 82657.205262
1700.000000 304.609091 10.558092 7.285714 0.000000 81663.851968
1800.000000 304.981818 10.245952 7.714286 0.000000 80680.508445
1900.000000 305.354545 9.940579 8.142857 0.000000 79707.074766
2000.000000 305.727273 9.641895 8.571429 0.000000 78743.451993
2100.000000 306.100000 9.349822 9.000000 0.000000 77789.542174
2200.000000 306.472727 9.064282 9.428571 0.000000 76845.248344
2300.000000 306.845455 8.785195 9.857143 0.000000 75910.474522
2400.000000 307.218182 8.512482 10.285714 0.000000 74985.125715
2500.000000 307.590909 8.246061 10.714286 0.000000 74069.107917
2600.000000 307.963636 7.985854 11.142857 0.000000 73162.328115
2700.000000 308.336364 7.731777 11.571429 0.000000 72264.694288
2800.000000 308.709091 7.483749 12.000000 0.000000 71376.115402
2900.000000 309.081818 7.241689 12.428571 0.000000 70496.501410
3000.000000 309.454545 7.005513 12.857143 0.000000 69625.763249
3100.000000 309.827273 6.775138 13.285714 0.000000 68763.812842
3200.000000 310.200000 6.550482 13.714286 0.000000 67910.563094
3300.000000 310.572727 6.331461 14.142857 0.000000 67065.927894
3400.000000 310.945455 6.117991 14.571429 0.000000 66229.822117
3500.000000 311.318182 5.909988 15.000000 0.000000 65402.161622
3600.000000 311.690909 5.689890 15.000000 0.000000 64582.862251
3700.000000 312.063636 5.458182 15.000000 0.000000 63771.840829
3800.000000 312.436364 5.234277 15.000000 0.000000 62969.014166
3900.000000 312.809091 5.017974 15.000000 0.000000 62174.300059
4000.000000 313.181818 4.809077 15.000000 0.000000 61387.616291
4100.000000 313.554545 4.607393 15.000000 0.000000 60608.881632
4200.000000 313.927273 4.412732 15.000000 0.000000 59838.014834
4300.000000 314.300000 4.224906 15.000000 0.000000 59074.934636
4400.000000 314.672727 4.043732 15.000000 0.000000 58319.559760
4500.000000 315.045455 3.869029 15.000000 0.000000 57571.809914
4600.000000 315.418182 3.700619 15.000000 0.000000 56831.604790
4700.000000 315.790909 3.538328 15.000000 0.000000 56098.864068
4800.000000 316.163636 3.381983 15.000000 0.000000 55373.507414
4900.000000 316.536364 3.231416 15.000000 0.000000 54655.454480
5000.000000 316.909091 3.086462 15.000000 0.000000 53944.624906
5100.000000 317.281818 2.946958 15.000000 0.000000 53240.938320
5200.000000 317.654545 2.812745 15.000000 0.000000 52544.314343
5300.000000 318.027273 2.683666 15.000000 0.000000 51854.672586
5400.000000 318.400000 2.559567 15.000000 0.000000 51171.932647
5500.000000 318.772727 2.440299 15.000000 0.000000 50496.014115
5600.000000 319.145455 2.325714 15.000000 0.000000 49826.836567
5700.000000 319.518182 2.215668 15.000000 0.000000 49164.319571
5800.000000 319.890909 2.110018 15.000000 0.000000 48508.382681
5900.000000 320.263636 2.008627 15.000000 0.000000 47858.945441
6000.000000 320.636364 1.911358 15.000000 0.000000 47215.927382
6100.000000 321.009091 1.818080 15.000000 0.000000 46579.248027
6200.000000 321.381818 1.728661 15.000000 0.000000 45948.826887
6300.000000 321.754545 1.642976 15.000000 0.000000 45324.583465
6400.000000 322.127273 1.560900 15.000000 0.000000 44706.437254
6500.000000 322.500000 1.482312 15.000000 0.000000 44094.307740
6600.000000 322.872727 1.407093 15.000000 0.000000 43488.114399
6700.000000 323.245455 1.335128 15.000000 0.000000 42887.776700
6800.000000 323.618182 1.266304 15.000000 0.000000 42293.214101
6900.000000 323.990909 1.200510 15.000000 0.000000 41704.346048
7000.000000 324.363636 1.137639 15.000000 0.000000 41121.091979
7100.000000 324.736364 1.077587 15.000000 0.000000 40543.371318
7200.000000 325.109091 1.020250 15.000000 0.000000 39971.103481
7300.000000 325.481818 0.965531 15.000000 0.000000 39404.207875
7400.000000 325.854545 0.913331 15.000000 0.000000 38842.603893
7500.000000 326.227273 0.863557 15.000000 0.000000 38286.210918
7600.000000 326.600000 0.816117 15.000000 0.000000 37734.948318
7700.000000 326.972727 0.770921 15.000000 0.000000 37188.735450
7800.000000 327.345455 0.727883 15.000000 0.000000 36647.491656
7900.000000 327.718182 0.686918 15.000000 0.000000 36111.136264
8000.000000 328.090909 0.647945 15.000000 0.000000 35579.588592
8100.000000 328.463636 0.610884 15.000000 0.000000 35052.767943
8200.000000 328.836364 0.575658 15.000000 0.000000 34530.593610
8300.000000 329.209091 0.542191 15.000000 0.000000 34013.984872
8400.000000 329.581818 0.510412 15.000000 0.000000 33501.860995
8500.000000 329.954545 0.480250 15.000000 0.000000 32994.141232
8600.000000 330.327273 0.451637 15.000000 0.000000 32490.744818
8700.000000 330.700000 0.424507 15.000000 0.000000 31991.590979
8800.000000 331.072727 0.398795 15.000000 0.000000 31496.598927
8900.000000 331.445455 0.374441 15.000000 0.000000 31005.687862
9000.000000 331.818182 0.351384 15.000000 0.000000 30518.776971
9100.000000 332.190909 0.329567 15.000000 0.000000 30035.785427
9200.000000 332.563636 0.308933 15.000000 0.000000 29556.632391
9300.000000 332.936364 0.289430 15.000000 0.000000 29081.237009
9400.000000 333.309091 0.271005 15.000000 0.000000 28609.518410
9500.000000 333.681818 0.253608 15.000000 0.000000 28141.395705
9600.000000 334.054545 0.237191 15.000000 0.000000 27676.787991
9700.000000 334.427273 0.221707 15.000000 0.000000 27215.614349
9800.000000 334.800000 0.207111 15.000000 0.000000 26757.793849
9900.000000 335.172727 0.193361 15.000000 0.000000 26303.245545
10000.000000 335.545455 0.180414 15.000000 0.000000 25851.888478
10100.000000 335.918182 0.168231 15.000000 0.000000 25403.641669
10200.000000 336.290909 0.156774 15.000000 0.000000 24958.424126
10300.000000 336.663636 0.146006 15.000000 0.000000 24516.154847
10400.000000 337.036364 0.135892 15.000000 0.000000 24076.752817
10500.000000 337.409091 0.126397 15.000000 0.000000 23640.137009
10600.000000 337.781818 0.117490 15.000000 0.000000 23206.226382
10700.000000 338.154545 0.109138 15.000000 0.000000 22774.939884
10800.000000 338.527273 0.101313 15.000000 0.000000 22346.196450
10900.000000 338.900000 0.093987 15.000000 0.000000 21919.915004
11000.000000 339.272727 0.087130 15.000000 0.000000 21496.014461
11100.000000 339.645455 0.080719 15.000000 0.000000 21074.413725
11200.000000 340.018182 0.074727 15.000000 0.000000 20655.031695
11300.000000 340.390909 0.069132 15.000000 0.000000 20237.787259
11400.000000 340.763636 0.063910 15.000000 0.000000 19822.599303
11500.000000 341.136364 0.059039 15.000000 0.000000 19409.386703
11600.000000 341.509091 0.054501 15.000000 0.000000 18998.068326
11700.000000 341.881818 0.050274 15.000000 0.000000 18588.563031
11800.000000 342.254545 0.046340 15.000000 0.000000 18180.789666
11900.000000 342.627273 0.042682 15.000000 0.000000 17774.667073
12000.000000 343.000000 0.039282 15.000000 0.000000 17370.114088
12100.000000 344.087500 0.038353 15.000000 0.000000 16967.049539
12200.000000 345.175000 0.037427 15.000000 0.000000 16565.392251
12300.000000 346.262500 0.036505 15.000000 0.000000 16165.061043
12400.000000 347.350000 0.035588 15.000000 0.000000 15765.974732
12500.000000 348.437500 0.034676 15.000000 0.000000 15368.052133
12600.000000 349.525000 0.033770 15.000000 0.000000 14971.212057
12700.000000 350.612500 0.032871 15.000000 0.000000 14575.373317
12800.000000 351.700000 0.031979 15.000000 0.000000 14180.454721
12900.000000 352.787500 0.031095 15.000000 0.000000 13786.375080
13000.000000 353.875000 0.030219 15.000000 0.000000 13393.053204
13100.000000 354.962500 0.029353 15.000000 0.000000 13000.407902
13200.000000 356.050000 0.028497 15.000000 0.000000 12608.357983
13300.000000 357.137500 0.027650 15.000000 0.000000 12216.822256
13400.000000 358.225000 0.026815 15.000000 0.000000 11825.719530
13500.000000 359.312500 0.025991 15.000000 0.000000 11434.968613
13600.000000 360.400000 0.025178 15.000000 0.000000 11044.488313
13700.000000 361.487500 0.024378 15.000000 0.000000 10654.197439
13800.000000 362.575000 0.023590 15.000000 0.000000 10264.014800
13900.000000 363.662500 0.022815 15.000000 0.000000 9873.859206
14000.000000 364.750000 0.022053 15.000000 0.000000 9483.649466
14100.000000 365.837500 0.021304 15.000000 0.000000 9093.304389
14200.000000 366.925000 0.020570 15.000000 0.000000 8702.742785
14300.000000 368.012500 0.019849 15.000000 0.000000 8311.883462
14400.000000 369.100000 0.019143 15.000000 0.000000 7920.645228
14500.000000 370.187500 0.018451 15.000000 0.000000 7528.946894
14600.000000 371.275000 0.017774 15.000000 0.000000 7136.707268
14700.000000 372.362500 0.017112 15.000000 0.000000 6743.845161
14800.000000 373.450000 0.016465 15.000000 0.000000 6350.279381
14900.000000 374.537500 0.015833 15.000000 0.000000 5955.928738
15000.000000 375.625000 0.015216 15.000000 0.000000 5560.712041
15100.000000 376.712500 0.014615 15.000000 0.000000 5164.548100
15200.000000 377.800000 0.014029 15.000000 0.000000 4767.355723
15300.000000 378.887500 0.013458 15.000000 0.000000 4369.053719
15400.000000 379.975000 0.013023 15.000000 0.000000 3969.561893
15500.000000 381.062500 0.012362 15.000000 0.000000 3568.799054
15600.000000 382.150000 0.011837 15.000000 0.000000 3166.684010
15700.000000 383.237500 0.011327 15.000000 0.000000 2763.135570
15800.000000 384.325000 0.010833 15.000000 0.000000 2358.072542
15900.000000 385.412500 0.010353 15.000000 0.000000 1951.413735
16000.000000 386.500000 0.009888 15.000000 0.000000 1543.077957
