$MeshFormat
4.1 0 8
$EndMeshFormat
$PhysicalNames
6
0 1 "boundary"
1 2 "inflow"
1 3 "outflow"
1 4 "free_slip"
1 5 "no_slip"
2 6 "domain"
$EndPhysicalNames
$Entities
4 4 1 0
1 -1 -1 0.04 1 1 
2 1 -1 0.04 1 1 
3 1 1 0.04 1 1 
4 -1 1 0.04 1 1 
1 -1 -1 0.04 1 -1 0.04 1 5 2 1 -2 
2 1 -1 0.04 1 1 0.04 1 3 2 2 -3 
3 -1 1 0.04 1 1 0.04 1 4 2 3 -4 
4 -1 -1 0.04 -1 1 0.04 1 2 2 4 -1 
12 -1 -1 0.04 1 1 0.04 0 4 4 1 2 3 
$EndEntities
$Nodes
8 150 1 150
0 1 0 1
1
-1 -1 0.04
0 2 0 1
2
1 -1 0.04
0 3 0 1
3
1 1 0.04
0 4 0 1
4
-1 1 0.04
1 1 0 49
5
6
7
8
9
10
11
12
13
14
15
16
17
18
19
20
21
22
23
24
25
26
27
28
29
30
31
32
33
34
35
36
37
38
39
40
41
42
43
44
45
46
47
48
49
50
51
52
53
-0.9600000000001109 -1 0.04
-0.9200000000002219 -1 0.04
-0.8800000000003327 -1 0.04
-0.8400000000004436 -1 0.04
-0.8000000000005545 -1 0.04
-0.7600000000006655 -1 0.04
-0.7200000000007765 -1 0.04
-0.6800000000008875 -1 0.04
-0.6400000000009983 -1 0.04
-0.6000000000011094 -1 0.04
-0.5600000000012203 -1 0.04
-0.5200000000013312 -1 0.04
-0.4800000000014421 -1 0.04
-0.440000000001553 -1 0.04
-0.4000000000016638 -1 0.04
-0.3600000000017746 -1 0.04
-0.3200000000018854 -1 0.04
-0.2800000000019962 -1 0.04
-0.2400000000021072 -1 0.04
-0.200000000002218 -1 0.04
-0.1600000000023287 -1 0.04
-0.1200000000024396 -1 0.04
-0.08000000000255036 -1 0.04
-0.04000000000266124 -1 0.04
-2.750244476601438e-12 -1 0.04
0.03999999999733905 -1 0.04
0.07999999999744967 -1 0.04
0.1199999999975607 -1 0.04
0.1599999999976716 -1 0.04
0.1999999999977824 -1 0.04
0.2399999999978932 -1 0.04
0.2799999999980041 -1 0.04
0.3199999999981151 -1 0.04
0.359999999998226 -1 0.04
0.3999999999983368 -1 0.04
0.4399999999984476 -1 0.04
0.4799999999985585 -1 0.04
0.5199999999986693 -1 0.04
0.5599999999987801 -1 0.04
0.599999999998891 -1 0.04
0.6399999999990018 -1 0.04
0.6799999999991126 -1 0.04
0.7199999999992237 -1 0.04
0.7599999999993345 -1 0.04
0.7999999999994454 -1 0.04
0.8399999999995562 -1 0.04
0.879999999999667 -1 0.04
0.9199999999997781 -1 0.04
0.9599999999998887 -1 0.04
1 2 0 24
54
55
56
57
58
59
60
61
62
63
64
65
66
67
68
69
70
71
72
73
74
75
76
77
1 -0.9200000000002219 0.04
1 -0.8400000000004436 0.04
1 -0.7600000000006655 0.04
1 -0.6800000000008875 0.04
1 -0.6000000000011094 0.04
1 -0.5200000000013312 0.04
1 -0.440000000001553 0.04
1 -0.3600000000017746 0.04
1 -0.2800000000019962 0.04
1 -0.200000000002218 0.04
1 -0.1200000000024396 0.04
1 -0.04000000000266124 0.04
1 0.03999999999733905 0.04
1 0.1199999999975607 0.04
1 0.1999999999977824 0.04
1 0.2799999999980041 0.04
1 0.359999999998226 0.04
1 0.4399999999984476 0.04
1 0.5199999999986693 0.04
1 0.599999999998891 0.04
1 0.6799999999991126 0.04
1 0.7599999999993345 0.04
1 0.8399999999995562 0.04
1 0.9199999999997781 0.04
1 3 0 49
78
79
80
81
82
83
84
85
86
87
88
89
90
91
92
93
94
95
96
97
98
99
100
101
102
103
104
105
106
107
108
109
110
111
112
113
114
115
116
117
118
119
120
121
122
123
124
125
126
0.9600000000001109 1 0.04
0.9200000000002219 1 0.04
0.8800000000003327 1 0.04
0.8400000000004436 1 0.04
0.8000000000005545 1 0.04
0.7600000000006655 1 0.04
0.7200000000007765 1 0.04
0.6800000000008875 1 0.04
0.6400000000009983 1 0.04
0.6000000000011094 1 0.04
0.5600000000012203 1 0.04
0.5200000000013312 1 0.04
0.4800000000014421 1 0.04
0.440000000001553 1 0.04
0.4000000000016638 1 0.04
0.3600000000017746 1 0.04
0.3200000000018854 1 0.04
0.2800000000019962 1 0.04
0.2400000000021072 1 0.04
0.200000000002218 1 0.04
0.1600000000023287 1 0.04
0.1200000000024396 1 0.04
0.08000000000255036 1 0.04
0.04000000000266124 1 0.04
2.750244476601438e-12 1 0.04
-0.03999999999733905 1 0.04
-0.07999999999744967 1 0.04
-0.1199999999975607 1 0.04
-0.1599999999976716 1 0.04
-0.1999999999977824 1 0.04
-0.2399999999978932 1 0.04
-0.2799999999980041 1 0.04
-0.3199999999981151 1 0.04
-0.359999999998226 1 0.04
-0.3999999999983368 1 0.04
-0.4399999999984476 1 0.04
-0.4799999999985585 1 0.04
-0.5199999999986693 1 0.04
-0.5599999999987801 1 0.04
-0.599999999998891 1 0.04
-0.6399999999990018 1 0.04
-0.6799999999991126 1 0.04
-0.7199999999992237 1 0.04
-0.7599999999993345 1 0.04
-0.7999999999994454 1 0.04
-0.8399999999995562 1 0.04
-0.879999999999667 1 0.04
-0.9199999999997781 1 0.04
-0.9599999999998887 1 0.04
1 4 0 24
127
128
129
130
131
132
133
134
135
136
137
138
139
140
141
142
143
144
145
146
147
148
149
150
-1 0.9200000000002219 0.04
-1 0.8400000000004436 0.04
-1 0.7600000000006655 0.04
-1 0.6800000000008875 0.04
-1 0.6000000000011094 0.04
-1 0.5200000000013312 0.04
-1 0.440000000001553 0.04
-1 0.3600000000017746 0.04
-1 0.2800000000019962 0.04
-1 0.200000000002218 0.04
-1 0.1200000000024396 0.04
-1 0.04000000000266124 0.04
-1 -0.03999999999733905 0.04
-1 -0.1199999999975607 0.04
-1 -0.1999999999977824 0.04
-1 -0.2799999999980041 0.04
-1 -0.359999999998226 0.04
-1 -0.4399999999984476 0.04
-1 -0.5199999999986693 0.04
-1 -0.599999999998891 0.04
-1 -0.6799999999991126 0.04
-1 -0.7599999999993345 0.04
-1 -0.8399999999995562 0.04
-1 -0.9199999999997781 0.04
$EndNodes
$Elements
8 154 1 154
0 1 15 1
1 1 
0 2 15 1
2 2 
0 3 15 1
3 3 
0 4 15 1
4 4 
1 1 1 50
5 1 5 
6 5 6 
7 6 7 
8 7 8 
9 8 9 
10 9 10 
11 10 11 
12 11 12 
13 12 13 
14 13 14 
15 14 15 
16 15 16 
17 16 17 
18 17 18 
19 18 19 
20 19 20 
21 20 21 
22 21 22 
23 22 23 
24 23 24 
25 24 25 
26 25 26 
27 26 27 
28 27 28 
29 28 29 
30 29 30 
31 30 31 
32 31 32 
33 32 33 
34 33 34 
35 34 35 
36 35 36 
37 36 37 
38 37 38 
39 38 39 
40 39 40 
41 40 41 
42 41 42 
43 42 43 
44 43 44 
45 44 45 
46 45 46 
47 46 47 
48 47 48 
49 48 49 
50 49 50 
51 50 51 
52 51 52 
53 52 53 
54 53 2 
1 2 1 25
55 2 54 
56 54 55 
57 55 56 
58 56 57 
59 57 58 
60 58 59 
61 59 60 
62 60 61 
63 61 62 
64 62 63 
65 63 64 
66 64 65 
67 65 66 
68 66 67 
69 67 68 
70 68 69 
71 69 70 
72 70 71 
73 71 72 
74 72 73 
75 73 74 
76 74 75 
77 75 76 
78 76 77 
79 77 3 
1 3 1 50
80 3 78 
81 78 79 
82 79 80 
83 80 81 
84 81 82 
85 82 83 
86 83 84 
87 84 85 
88 85 86 
89 86 87 
90 87 88 
91 88 89 
92 89 90 
93 90 91 
94 91 92 
95 92 93 
96 93 94 
97 94 95 
98 95 96 
99 96 97 
100 97 98 
101 98 99 
102 99 100 
103 100 101 
104 101 102 
105 102 103 
106 103 104 
107 104 105 
108 105 106 
109 106 107 
110 107 108 
111 108 109 
112 109 110 
113 110 111 
114 111 112 
115 112 113 
116 113 114 
117 114 115 
118 115 116 
119 116 117 
120 117 118 
121 118 119 
122 119 120 
123 120 121 
124 121 122 
125 122 123 
126 123 124 
127 124 125 
128 125 126 
129 126 4 
1 4 1 25
130 4 127 
131 127 128 
132 128 129 
133 129 130 
134 130 131 
135 131 132 
136 132 133 
137 133 134 
138 134 135 
139 135 136 
140 136 137 
141 137 138 
142 138 139 
143 139 140 
144 140 141 
145 141 142 
146 142 143 
147 143 144 
148 144 145 
149 145 146 
150 146 147 
151 147 148 
152 148 149 
153 149 150 
154 150 1 
$EndElements
