0.0	5.95	1.0	0.099	1.0	5.95	0.59	14.916
0.03	5.754	1.0	0.103	1.0	5.754	0.59	14.427
0.06	5.562	1.0	0.106	1.0	5.562	0.59	13.949
0.09	5.374	1.0	0.11	1.0	5.374	0.59	13.48
0.12	5.19	1.0	0.114	1.0	5.19	0.59	13.021
0.15	5.01	1.0	0.118	1.0	5.01	0.59	12.572
0.18	4.833	1.0	0.122	1.0	4.833	0.59	12.134
0.21	4.661	1.0	0.127	1.0	4.661	0.59	11.705
0.24	4.493	1.0	0.131	1.0	4.493	0.59	11.286
0.27	4.328	1.0	0.136	1.0	4.328	0.59	10.877
0.3	4.168	1.0	0.142	1.0	4.168	0.59	10.478
0.33	4.012	1.0	0.147	1.0	4.012	0.59	10.09
0.36	3.859	1.0	0.153	1.0	3.859	0.59	9.711
0.39	3.711	1.0	0.159	1.0	3.711	0.59	9.342
0.42	3.566	1.0	0.165	1.0	3.566	0.59	8.984
0.45	3.425	1.0	0.172	1.0	3.425	0.59	8.635
0.48	3.289	1.0	0.179	1.0	3.289	0.59	8.296
0.51	3.156	0.996	0.188	0.998	3.145	0.59	7.926
0.54	3.028	0.985	0.198	0.993	2.983	0.59	7.49
0.57	2.903	0.974	0.209	0.988	2.828	0.59	7.075
0.6	2.782	0.963	0.22	0.983	2.68	0.59	6.679
0.63	2.665	0.952	0.232	0.978	2.538	0.59	6.304
0.66	2.552	0.941	0.246	0.973	2.403	0.59	5.948
0.69	2.443	0.93	0.26	0.968	2.274	0.59	5.611
0.72	2.338	0.919	0.274	0.963	2.15	0.59	5.291
0.75	2.237	0.908	0.29	0.958	2.033	0.59	4.99
0.78	2.14	0.898	0.307	0.953	1.921	0.59	4.705
0.81	2.047	0.887	0.325	0.948	1.815	0.59	4.437
0.84	1.958	0.876	0.344	0.943	1.715	0.59	4.185
0.87	1.873	0.865	0.364	0.938	1.62	0.59	3.949
0.9	1.792	0.854	0.386	0.933	1.53	0.59	3.728
0.93	1.715	0.843	0.408	0.928	1.445	0.59	3.522
0.96	1.642	0.832	0.432	0.923	1.365	0.59	3.329
0.99	1.572	0.821	0.457	0.918	1.29	0.59	3.151
1.02	1.507	0.81	0.484	0.913	1.22	0.59	2.985
1.05	1.445	0.799	0.511	0.908	1.155	0.59	2.832
1.08	1.388	0.788	0.54	0.903	1.093	0.59	2.692
1.11	1.335	0.777	0.569	0.898	1.037	0.59	2.563
1.14	1.285	0.766	0.6	0.893	0.984	0.59	2.445
1.17	1.24	0.755	0.631	0.888	0.936	0.59	2.338
1.2	1.198	0.744	0.662	0.883	0.891	0.59	2.241
1.23	1.16	0.733	0.694	0.878	0.85	0.59	2.153
1.26	1.127	0.722	0.725	0.873	0.813	0.59	2.075
1.29	1.097	0.711	0.757	0.868	0.78	0.59	2.005
1.32	1.071	0.7	0.787	0.863	0.75	0.59	1.943
1.35	1.049	0.689	0.816	0.858	0.723	0.59	1.888
1.38	1.032	0.678	0.844	0.853	0.699	0.59	1.84
1.41	1.018	0.667	0.869	0.848	0.679	0.59	1.798
1.44	1.008	0.656	0.892	0.843	0.661	0.59	1.762
1.47	1.002	0.645	0.913	0.838	0.646	0.59	1.731
1.5	1.0	0.634	0.931	0.833	0.634	0.59	1.705
1.53	1.002	0.622	0.946	0.822	0.624	0.59	1.673
1.56	1.008	0.611	0.958	0.812	0.616	0.59	1.645
1.59	1.018	0.599	0.968	0.801	0.61	0.59	1.621
1.62	1.032	0.587	0.973	0.791	0.606	0.59	1.6
1.65	1.05	0.576	0.976	0.78	0.604	0.59	1.582
1.68	1.071	0.564	0.976	0.77	0.604	0.59	1.566
1.71	1.097	0.553	0.973	0.759	0.606	0.59	1.553
1.74	1.127	0.541	0.968	0.749	0.609	0.59	1.541
1.77	1.16	0.529	0.961	0.738	0.614	0.59	1.53
1.8	1.198	0.518	0.951	0.728	0.62	0.59	1.521
1.83	1.24	0.506	0.941	0.717	0.627	0.59	1.513
1.86	1.285	0.494	0.929	0.707	0.635	0.59	1.506
1.89	1.335	0.483	0.916	0.696	0.644	0.59	1.5
1.92	1.388	0.471	0.902	0.686	0.654	0.59	1.494
1.95	1.446	0.459	0.888	0.675	0.664	0.59	1.488
1.98	1.507	0.448	0.874	0.665	0.675	0.59	1.482
2.01	1.572	0.436	0.86	0.654	0.686	0.59	1.477
2.04	1.642	0.425	0.847	0.644	0.697	0.59	1.471
2.07	1.715	0.413	0.833	0.633	0.708	0.59	1.465
2.1	1.792	0.401	0.821	0.623	0.719	0.59	1.458
2.13	1.873	0.39	0.808	0.612	0.73	0.59	1.451
2.16	1.958	0.378	0.797	0.602	0.74	0.59	1.442
2.19	2.047	0.366	0.787	0.591	0.75	0.59	1.433
2.22	2.14	0.355	0.777	0.58	0.759	0.59	1.423
2.25	2.238	0.343	0.769	0.57	0.768	0.59	1.411
2.28	2.338	0.331	0.761	0.559	0.775	0.59	1.398
2.31	2.443	0.32	0.755	0.549	0.781	0.59	1.384
2.34	2.552	0.308	0.75	0.538	0.787	0.59	1.368
2.37	2.665	0.297	0.747	0.528	0.79	0.59	1.351
2.4	2.782	0.285	0.744	0.517	0.793	0.59	1.333
2.43	2.903	0.273	0.744	0.507	0.793	0.59	1.312
2.46	3.028	0.262	0.745	0.496	0.792	0.59	1.29
2.49	3.156	0.25	0.748	0.486	0.789	0.59	1.267
2.52	3.289	0.238	0.753	0.475	0.784	0.59	1.242
2.55	3.425	0.227	0.76	0.465	0.777	0.59	1.216
2.58	3.566	0.215	0.769	0.454	0.767	0.59	1.189
2.61	3.711	0.203	0.782	0.444	0.755	0.59	1.16
2.64	3.859	0.192	0.797	0.433	0.74	0.59	1.131
2.67	4.012	0.18	0.816	0.423	0.723	0.59	1.101
2.7	4.168	0.169	0.84	0.412	0.702	0.59	1.071
2.73	4.328	0.157	0.869	0.402	0.679	0.59	1.041
2.76	4.493	0.145	0.904	0.391	0.653	0.59	1.011
2.79	4.661	0.134	0.947	0.381	0.623	0.59	0.984
2.82	4.833	0.122	1.001	0.37	0.59	0.59	0.959
2.85	5.009	0.11	1.067	0.36	0.553	0.59	0.938
2.88	5.19	0.099	1.152	0.349	0.512	0.59	0.923
2.91	5.374	0.087	1.261	0.339	0.468	0.59	0.917
2.94	5.562	0.075	1.406	0.328	0.42	0.59	0.925
2.97	5.754	0.064	1.608	0.317	0.367	0.59	0.955
0.015	5.851	1.0	0.101	1.0	5.851	0.59	14.67
0.045	5.657	1.0	0.104	1.0	5.657	0.59	14.187
0.075	5.467	1.0	0.108	1.0	5.467	0.59	13.713
0.105	5.281	1.0	0.112	1.0	5.281	0.59	13.249
0.135	5.099	1.0	0.116	1.0	5.099	0.59	12.796
0.165	4.921	1.0	0.12	1.0	4.921	0.59	12.352
0.195	4.747	1.0	0.124	1.0	4.747	0.59	11.918
0.225	4.576	1.0	0.129	1.0	4.576	0.59	11.494
0.255	4.41	1.0	0.134	1.0	4.41	0.59	11.08
0.285	4.248	1.0	0.139	1.0	4.248	0.59	10.677
0.315	4.089	1.0	0.144	1.0	4.089	0.59	10.283
0.345	3.935	1.0	0.15	1.0	3.935	0.59	9.899
0.375	3.784	1.0	0.156	1.0	3.784	0.59	9.525
0.405	3.638	1.0	0.162	1.0	3.638	0.59	9.162
0.435	3.495	1.0	0.169	1.0	3.495	0.59	8.808
0.465	3.357	1.0	0.176	1.0	3.357	0.59	8.464
0.495	3.222	1.0	0.183	1.0	3.222	0.59	8.131
0.525	3.091	0.991	0.193	0.996	3.063	0.59	7.705
0.555	2.965	0.98	0.203	0.991	2.905	0.59	7.28
0.585	2.842	0.969	0.214	0.986	2.753	0.59	6.874
0.615	2.723	0.958	0.226	0.981	2.608	0.59	6.489
0.645	2.608	0.947	0.239	0.976	2.47	0.59	6.124
0.675	2.497	0.936	0.252	0.971	2.337	0.59	5.777
0.705	2.39	0.925	0.267	0.966	2.211	0.59	5.449
0.735	2.287	0.914	0.282	0.961	2.091	0.59	5.138
0.765	2.188	0.903	0.299	0.956	1.976	0.59	4.845
0.795	2.093	0.892	0.316	0.951	1.867	0.59	4.569
0.825	2.002	0.881	0.334	0.946	1.764	0.59	4.309
0.855	1.915	0.87	0.354	0.941	1.666	0.59	4.065
0.885	1.832	0.859	0.375	0.936	1.574	0.59	3.837
0.915	1.753	0.848	0.397	0.931	1.487	0.59	3.623
0.945	1.678	0.837	0.42	0.926	1.404	0.59	3.424
0.975	1.606	0.826	0.445	0.921	1.327	0.59	3.238
1.005	1.539	0.815	0.47	0.916	1.255	0.59	3.066
1.035	1.476	0.804	0.497	0.911	1.187	0.59	2.907
1.065	1.416	0.793	0.525	0.906	1.123	0.59	2.76
1.095	1.361	0.782	0.554	0.901	1.065	0.59	2.626
1.125	1.309	0.771	0.584	0.896	1.01	0.59	2.502
1.155	1.262	0.76	0.615	0.891	0.959	0.59	2.39
1.185	1.218	0.749	0.646	0.886	0.913	0.59	2.288
1.215	1.179	0.738	0.678	0.881	0.87	0.59	2.196
1.245	1.143	0.727	0.71	0.876	0.831	0.59	2.113
1.275	1.111	0.716	0.741	0.871	0.796	0.59	2.039
1.305	1.084	0.705	0.772	0.866	0.764	0.59	1.973
1.335	1.06	0.694	0.802	0.861	0.736	0.59	1.914
1.365	1.04	0.683	0.83	0.856	0.711	0.59	1.863
1.395	1.024	0.672	0.857	0.851	0.689	0.59	1.818
1.425	1.012	0.661	0.881	0.846	0.67	0.59	1.779
1.455	1.004	0.65	0.903	0.841	0.653	0.59	1.746
1.485	1.0	0.639	0.922	0.836	0.64	0.59	1.717
1.515	1.0	0.628	0.939	0.828	0.628	0.59	1.688
1.545	1.004	0.617	0.953	0.817	0.619	0.59	1.659
1.575	1.012	0.605	0.963	0.807	0.612	0.59	1.633
1.605	1.024	0.593	0.971	0.796	0.608	0.59	1.611
1.635	1.04	0.582	0.975	0.786	0.605	0.59	1.591
1.665	1.06	0.57	0.977	0.775	0.604	0.59	1.574
1.695	1.084	0.558	0.975	0.765	0.605	0.59	1.559
1.725	1.111	0.547	0.971	0.754	0.608	0.59	1.547
1.755	1.143	0.535	0.965	0.744	0.612	0.59	1.535
1.785	1.179	0.523	0.956	0.733	0.617	0.59	1.526
1.815	1.218	0.512	0.946	0.723	0.624	0.59	1.517
1.845	1.262	0.5	0.935	0.712	0.631	0.59	1.51
1.875	1.309	0.489	0.922	0.701	0.64	0.59	1.503
1.905	1.361	0.477	0.909	0.691	0.649	0.59	1.497
1.935	1.416	0.465	0.895	0.68	0.659	0.59	1.491
1.965	1.476	0.454	0.881	0.67	0.669	0.59	1.485
1.995	1.539	0.442	0.867	0.659	0.68	0.59	1.48
2.025	1.606	0.43	0.853	0.649	0.691	0.59	1.474
2.055	1.678	0.419	0.84	0.638	0.702	0.59	1.468
2.085	1.753	0.407	0.827	0.628	0.714	0.59	1.461
2.115	1.832	0.395	0.814	0.617	0.724	0.59	1.454
2.145	1.915	0.384	0.803	0.607	0.735	0.59	1.447
2.175	2.002	0.372	0.792	0.596	0.745	0.59	1.438
2.205	2.093	0.361	0.782	0.586	0.755	0.59	1.428
2.235	2.188	0.349	0.773	0.575	0.764	0.59	1.417
2.265	2.287	0.337	0.765	0.565	0.771	0.59	1.405
2.295	2.39	0.326	0.758	0.554	0.778	0.59	1.391
2.325	2.497	0.314	0.752	0.544	0.784	0.59	1.377
2.355	2.608	0.302	0.748	0.533	0.789	0.59	1.36
2.385	2.723	0.291	0.745	0.523	0.792	0.59	1.342
2.415	2.842	0.279	0.744	0.512	0.793	0.59	1.323
2.445	2.965	0.267	0.744	0.502	0.793	0.59	1.302
2.475	3.091	0.256	0.746	0.491	0.791	0.59	1.279
2.505	3.222	0.244	0.75	0.481	0.787	0.59	1.255
2.535	3.357	0.233	0.756	0.47	0.781	0.59	1.229
2.565	3.495	0.221	0.764	0.46	0.772	0.59	1.203
2.595	3.638	0.209	0.775	0.449	0.761	0.59	1.175
2.625	3.784	0.198	0.789	0.438	0.748	0.59	1.146
2.655	3.935	0.186	0.806	0.428	0.732	0.59	1.116
2.685	4.089	0.174	0.828	0.417	0.713	0.59	1.086
2.715	4.248	0.163	0.854	0.407	0.691	0.59	1.056
2.745	4.41	0.151	0.886	0.396	0.666	0.59	1.026
2.775	4.576	0.139	0.925	0.386	0.638	0.59	0.997
2.805	4.747	0.128	0.973	0.375	0.607	0.59	0.971
2.835	4.921	0.116	1.032	0.365	0.572	0.59	0.948
2.865	5.099	0.105	1.107	0.354	0.533	0.59	0.929
2.895	5.281	0.093	1.203	0.344	0.491	0.59	0.918
2.925	5.467	0.081	1.328	0.333	0.444	0.59	0.919
2.955	5.657	0.07	1.498	0.323	0.394	0.59	0.937
2.985	5.851	0.058	1.739	0.312	0.339	0.59	0.983
